00000001010000000000001100010011
00000000011000000010101000100011
00000001111000000000001100010011
00000000000000000000000000010011
00000000000000000000000000010011
00000000000000000000000000010011
00000010011000000010010000100011
00000010100100000000001100010011
00000000000000000000000000010011
00000000000000000000000000010011
00000000000000000000000000010011
00000010011000000010111000100011
00000001010000000010001100000011
00000010100000000010001110000011
00000011110000000010111000000011
00000000000000000000111010010011
00000001111100000000111100010011
00000000000100000000111110010011
00000000000000000000000000010011
00000000000000000000000000010011
00000000000000000000000000010011
01000001111100000000110110110011
00000001111111111001111110010011
00001100000011110100110001100011
00000000000000000000000000010011
00000000000000000000000000010011
00000000000000000000000000010011
00000000000000000000000000010011
00000001110111101000111010110011
00000000000000000000000000010011
00000000000000000000000000010011
00000000000000000000000000010011
00000000000000000000000000010011
00000111110011101101010001100011
00000000000000000000000000010011
00000000000000000000000000010011
00000000000000000000000000010011
00000000000000000000000000010011
00000000011111111111010000110011
00000000000000000000000000010011
00000000000000000000000000010011
00000000000000000000000000010011
00000100000001000001111001100011
00000000000000000000000000010011
00000000000000000000000000010011
00000000000000000000000000010011
00000000000000000000000000010011
00000111110011101101000001100011
00000000000000000000000000010011
00000000000000000000000000010011
00000000000000000000000000010011
00000000000000000000000000010011
00000001101111110000111100110011
00000000000111111101111110010011
11111000010111111111000011101111
00000000000000000000000000010011
00000000000000000000000000010011
00000000000000000000000000010011
00000000000000000000000000010011
01000001110011101000111010110011
11111010100111111111000011101111
00000000000000000000000000010011
00000000000000000000000000010011
00000000000000000000000000010011
00000000000000000000000000010011
00000000011011101000111010110011
11111011010111111111000011101111
00000000000000000000000000010011
00000000000000000000000000010011
00000000000000000000000000010011
00000000000000000000000000010011
01000001110011101000111010110011
11111011000111111111000011101111
00000000000000000000000000010011
00000000000000000000000000010011
00000000000000000000000000010011
00000000000000000000000000010011
